0 1      5
0 2     18
0 3     20
0 4     25
0 5     27
0 6     32
0 7     38
0 8     38
0 9     40
0 10    43
0 11    50
0 12   168
0 13    15
0 14    15
0 15    24
0 16    29
0 17    13
0 18    21
0 19    16
1 0      5
1 2     16
1 3     18
1 4     23
1 5     25
1 6     30
1 7     36
1 8     36
1 9     38
1 10    41
1 11    49
1 12   166
1 13    14
1 14    14
1 15    22
1 16    28
1 17    12
1 18    19
1 19    14
2 0     21
2 1     17
2 3      2
2 4      8
2 5      9
2 6     14
2 7     21
2 8     21
2 9     23
2 10    26
2 11    33
2 12   151
2 13     6
2 14    12
2 15     6
2 16    12
2 17    13
2 18     3
2 19     5
3 0     23
3 1     19
3 2      2
3 4      5
3 5      7
3 6     12
3 7     18
3 8     19
3 9     21
3 10    23
3 11    31
3 12   149
3 13     8
3 14    14
3 15     4
3 16    10
3 17    16
3 18     1
3 19     8
4 0     25
4 1     21
4 2     10
4 3      8
4 5      2
4 6      7
4 7     13
4 8     13
4 9     15
4 10    18
4 11    26
4 12   143
4 13    16
4 14    14
4 15     3
4 16     4
4 17    17
4 18     7
4 19    14
5 0     27
5 1     23
5 2     14
5 3     14
5 4      7
5 6      5
5 7     11
5 8     12
5 9     14
5 10    16
5 11    24
5 12   142
5 13    19
5 14    16
5 15     9
5 16     3
5 17    19
5 18    13
5 19    16
6 0     30
6 1     26
6 2     19
6 3     19
6 4     13
6 5     11
6 7      7
6 8      7
6 9      9
6 10    12
6 11    19
6 12   137
6 13    22
6 14    19
6 15    15
6 16     6
6 17    22
6 18    19
6 19    21
7 0     36
7 1     32
7 2     25
7 3     25
7 4     19
7 5     16
7 6      7
7 8      4
7 9      6
7 10     9
7 11    17
7 12   134
7 13    27
7 14    25
7 15    21
7 16    12
7 17    28
7 18    24
7 19    26
8 0     36
8 1     32
8 2     25
8 3     25
8 4     19
8 5     16
8 6      8
8 7      4
8 9      4
8 10     7
8 11    15
8 12   133
8 13    28
8 14    25
8 15    21
8 16    12
8 17    28
8 18    25
8 19    27
9 0     38
9 1     34
9 2     27
9 3     27
9 4     21
9 5     18
9 6     10
9 7      6
9 8      5
9 10     4
9 11    11
9 12   129
9 13    30
9 14    27
9 15    23
9 16    14
9 17    30
9 18    27
9 19    29
10 0    41
10 1    37
10 2    30
10 3    30
10 4    24
10 5    22
10 6    13
10 7     9
10 8     8
10 9     4
10 11   10
10 12  127
10 13   33
10 14   30
10 15   26
10 16   17
10 17   33
10 18   30
10 19   32
11 0    50
11 1    46
11 2    39
11 3    39
11 4    32
11 5    30
11 6    21
11 7    18
11 8    16
11 9    13
11 10   10
11 12  122
11 13   41
11 14   39
11 15   34
11 16   26
11 17   41
11 18   38
11 19   40
12 0   168
12 1   164
12 2   156
12 3   157
12 4   150
12 5   148
12 6   139
12 7   136
12 8   134
12 9   131
12 10  128
12 11  122
12 13  159
12 14  157
12 15  152
12 16  144
12 17  159
12 18  156
12 19  158
13 0    16
13 1    12
13 2     9
13 3    11
13 4    14
13 5    16
13 6    20
13 7    26
13 8    26
13 9    28
13 10   31
13 11   39
13 12  157
13 14    8
13 15   15
13 16   18
13 17    9
13 18   12
13 19    6
14 0    19
14 1    15
14 2    12
14 3    14
14 4    15
14 5    16
14 6    21
14 7    27
14 8    27
14 9    29
14 10   32
14 11   40
14 12  157
14 13   10
14 15   15
14 16   19
14 17   10
14 18   14
14 19    9
15 0    26
15 1    22
15 2     7
15 3     4
15 4     2
15 5     3
15 6     8
15 7    15
15 8    15
15 9    17
15 10   20
15 11   27
15 12  145
15 13   13
15 14   15
15 16    6
15 17   18
15 18    4
15 19   12
16 0    27
16 1    22
16 2    15
16 3    15
16 4     9
16 5     7
16 6     5
16 7    10
16 8    10
16 9    13
16 10   15
16 11   23
16 12  141
16 13   18
16 14   16
16 15   11
16 17   18
16 18   15
16 19   17
17 0    15
17 1    10
17 2    12
17 3    14
17 4    16
17 5    18
17 6    23
17 7    28
17 8    29
17 9    31
17 10   33
17 11   41
17 12  159
17 13   10
17 14    6
17 15   18
17 16   20
17 18   15
17 19   11
18 0    24
18 1    20
18 2     3
18 3     1
18 4     5
18 5     6
18 6    11
18 7    18
18 8    18
18 9    20
18 10   23
18 11   31
18 12  148
18 13    9
18 14   15
18 15    3
18 16    9
18 17   16
18 19    8
19 0    18
19 1    14
19 2     6
19 3     9
19 4    13
19 5    15
19 6    20
19 7    26
19 8    27
19 9    29
19 10   31
19 11   39
19 12  157
19 13    3
19 14    9
19 15   12
19 16   18
19 17   11
19 18    9
