1	-9.69605517159951	-35.78017068629510
2	-9.689629830288220	-35.7740021361158
3	-9.663804940803400	-35.70506599504110
4	-9.663231211607800	-35.69554174977270
5	-9.645197409785890	-35.69911006554310
6	-9.639008218137070	-35.69823170529150
7	-9.616385251873340	-35.6892400574223
8	-9.592104374645870	-35.6684891874493
9	-9.587708856914540	-35.66379677251350
10	-9.57586287770571	-35.65513227160370
11	-9.565450491957560	-35.64521684335300
12	-9.530799943419160	-35.60425662092510
13	-8.933294444444442	-35.165927777777775
14	-9.672125	-35.72384722222223
15	-9.66015398788305	 -35.729647359357564
16	-9.652174154037438 	-35.69825350608212
17	-9.630876729523333	-35.69777865579632
18	-9.664310931648690	-35.74378701983050
19	-9.66153611263287	-35.696510647792564
20	-9.670681602167221	-35.71816701723714
